100 100
100 80
200 20
110 180
200 120
80 60
180 130
50 200
80 20
150 140
160 40
30 50
160 10
130 30
100 110
130 190
90 10
10 140
190 110
90 160
200 200
60 60
40 30
40 110
160 110
190 40
70 20
120 120
180 80
50 160
160 150
170 190
160 130
50 140
40 130
200 20
190 190
30 60
80 110
40 110
130 200
110 120
150 60
30 150
150 80
200 130
130 10
60 130
150 50
50 120
50 200
160 30
160 110
20 180
120 20
150 200
130 90
10 30
110 60
190 130
60 180
100 100
60 110
90 160
190 50
50 130
150 120
180 40
180 140
120 70
110 40
60 150
140 60
30 80
50 30
50 60
150 100
140 40
170 70
170 200
110 130
60 40
110 200
90 200
70 60
170 200
130 170
120 180
20 150
170 110
80 160
120 110
10 200
130 100
160 150
160 140
60 90
80 50
70 50
70 110
20 150
160 150 7
400 120 5
220 290 5
240 280 16
160 80 15
260 330 9
100 370 11
160 200 17
280 160 13
320 50 7
60 120 7
20 220 4
260 210 9
220 140 5
260 330 21
20 260 18
20 210 11
380 190 18
320 120 18
400 270 11
120 250 15
60 220 21
80 190 5
220 330 5
80 370 16
40 270 9
240 290 10
160 270 18
320 80 6
300 250 20
340 320 16
260 350 5
100 200 4
260 200 8
400 140 13
380 250 12
60 240 15
220 140 2
220 190 20
400 220 18
240 130 16
120 260 6
300 40 19
300 240 8
260 380 3
20 270 19
120 220 17
300 240 2
240 220 7
100 280 7
320 230 14
320 160 16
40 270 5
40 180 20
300 330 5
180 160 20
60 40 17
120 280 12
260 290 9
120 330 6
200 130 14
220 240 11
320 260 7
100 220 21
100 310 21
300 310 20
80 320 3
280 240 20
240 140 4
80 120 18
300 220 5
120 230 2
160 150 21
60 230 11
120 120 19
200 210 6
280 90 14
140 340 9
400 280 20
260 260 10
80 240 18
220 320 19
180 390 11
140 70 12
400 210 21
260 220 6
360 190 9
40 300 2
220 210 11
320 240 9
220 230 15
400 40 19
260 260 11
320 200 15
320 260 12
120 260 18
160 140 13
100 120 7
220 260 13
300 60 15
